-1.621779092187358023e-02 2.000000000000000000e+00 9.501445582289034242e-01
-9.300365491639189103e-03 6.000000000000000000e+00 9.727425941667853238e-01
4.418800131605207793e-02 2.000000000000000000e+00 9.845239011597561873e-01
-2.391239665584714985e-02 1.000000000000000000e+00 9.678303717000642514e-01
-2.143830201239305122e-02 6.000000000000000000e+00 9.689002059332139094e-01
-1.649998825568511213e-02 4.000000000000000000e+00 9.772962775438551741e-01
1.550189286176695963e-02 2.000000000000000000e+00 9.661008292657954355e-01
-4.809566715604566417e-02 1.000000000000000000e+00 9.711068895259014067e-01
-1.358334704162215134e-01 2.000000000000000000e+00 9.731209650255217003e-01
2.710097352042203228e-02 1.000000000000000000e+00 9.460856748992746423e-01
4.830324575711415769e-02 2.000000000000000000e+00 9.594430977554042617e-01
-1.259010752772217745e-01 2.000000000000000000e+00 9.669911001679861728e-01
1.455660953507399991e-01 1.000000000000000000e+00 9.727440113654495235e-01
1.136002509181201214e-01 2.000000000000000000e+00 9.572461313029605456e-01
-2.026617537424311166e-01 1.000000000000000000e+00 9.636865354100718761e-01
-1.248874481400618214e-01 3.000000000000000000e+00 9.534751506296195167e-01
-6.484163400215761652e-02 4.000000000000000000e+00 9.345772120693405238e-01
-6.633202249475381174e-02 7.000000000000000000e+00 9.491291344628024484e-01
-9.030888174954854186e-02 1.000000000000000000e+00 9.441590279156619747e-01
5.194063580288564574e-02 7.000000000000000000e+00 9.331857379091461624e-01
-1.776976544425935001e-01 2.000000000000000000e+00 9.597638261639510615e-01
2.951390113174777730e-01 1.000000000000000000e+00 9.498659688452486538e-01
-2.730694849606606356e-01 1.000000000000000000e+00 9.366837838099342228e-01
-3.573383365838838643e-01 2.000000000000000000e+00 9.233430990350335321e-01
-7.152292377038020899e-01 1.000000000000000000e+00 9.178337144172005191e-01
-6.741779583594366410e-02 3.000000000000000000e+00 9.463627140559309758e-01
3.497458317858958554e-01 3.000000000000000000e+00 9.281806912589696257e-01
