4.430000000000000000e+02
4.190000000000000000e+02
1.430000000000000000e+02
1.190000000000000000e+02
4.120000000000000000e+02
1.120000000000000000e+02
1.435000000000000000e+03
1.135000000000000000e+03
4.410000000000000000e+02
4.420000000000000000e+02
4.400000000000000000e+02
4.360000000000000000e+02
4.310000000000000000e+02
4.390000000000000000e+02
4.250000000000000000e+02
1.060000000000000000e+02
1.410000000000000000e+02
1.420000000000000000e+02
1.400000000000000000e+02
1.360000000000000000e+02
1.310000000000000000e+02
1.390000000000000000e+02
1.250000000000000000e+02
4.070000000000000000e+02
4.200000000000000000e+02
4.320000000000000000e+02
4.370000000000000000e+02
4.140000000000000000e+02
4.270000000000000000e+02
4.380000000000000000e+02
4.210000000000000000e+02
4.330000000000000000e+02
4.150000000000000000e+02
4.280000000000000000e+02
4.220000000000000000e+02
4.340000000000000000e+02
4.160000000000000000e+02
4.290000000000000000e+02
4.350000000000000000e+02
4.230000000000000000e+02
4.170000000000000000e+02
4.300000000000000000e+02
4.240000000000000000e+02
4.080000000000000000e+02
4.090000000000000000e+02
1.010000000000000000e+02
1.020000000000000000e+02
4.100000000000000000e+02
4.110000000000000000e+02
1.412000000000000000e+03
4.180000000000000000e+02
1.030000000000000000e+02
1.040000000000000000e+02
1.050000000000000000e+02
1.070000000000000000e+02
1.200000000000000000e+02
1.320000000000000000e+02
1.370000000000000000e+02
1.140000000000000000e+02
1.270000000000000000e+02
1.380000000000000000e+02
1.210000000000000000e+02
1.330000000000000000e+02
1.150000000000000000e+02
1.280000000000000000e+02
1.220000000000000000e+02
1.340000000000000000e+02
1.160000000000000000e+02
1.290000000000000000e+02
1.350000000000000000e+02
1.230000000000000000e+02
1.170000000000000000e+02
1.300000000000000000e+02
1.240000000000000000e+02
1.080000000000000000e+02
1.090000000000000000e+02
1.100000000000000000e+02
1.110000000000000000e+02
1.112000000000000000e+03
1.180000000000000000e+02
1.440011440000000000e+08
3.130013130000000000e+08
3.260013260000000000e+08
1.130011130000000000e+08
1.260011260000000000e+08
3.430000000000000000e+02
3.190000000000000000e+02
2.430000000000000000e+02
2.190000000000000000e+02
3.120000000000000000e+02
2.120000000000000000e+02
1.335000000000000000e+03
1.235000000000000000e+03
3.410000000000000000e+02
3.420000000000000000e+02
3.400000000000000000e+02
3.360000000000000000e+02
3.310000000000000000e+02
3.390000000000000000e+02
3.250000000000000000e+02
3.060000000000000000e+02
2.410000000000000000e+02
2.420000000000000000e+02
2.400000000000000000e+02
2.360000000000000000e+02
2.310000000000000000e+02
2.390000000000000000e+02
2.250000000000000000e+02
3.070000000000000000e+02
3.200000000000000000e+02
3.320000000000000000e+02
3.370000000000000000e+02
3.140000000000000000e+02
3.270000000000000000e+02
3.380000000000000000e+02
3.210000000000000000e+02
3.330000000000000000e+02
3.150000000000000000e+02
3.280000000000000000e+02
3.220000000000000000e+02
3.340000000000000000e+02
3.160000000000000000e+02
3.290000000000000000e+02
3.350000000000000000e+02
3.230000000000000000e+02
3.170000000000000000e+02
3.300000000000000000e+02
3.240000000000000000e+02
3.080000000000000000e+02
3.090000000000000000e+02
3.010000000000000000e+02
3.020000000000000000e+02
3.100000000000000000e+02
3.110000000000000000e+02
1.312000000000000000e+03
3.180000000000000000e+02
3.030000000000000000e+02
3.040000000000000000e+02
3.050000000000000000e+02
2.070000000000000000e+02
2.200000000000000000e+02
2.320000000000000000e+02
2.370000000000000000e+02
2.140000000000000000e+02
2.270000000000000000e+02
2.380000000000000000e+02
2.210000000000000000e+02
2.330000000000000000e+02
2.150000000000000000e+02
2.280000000000000000e+02
2.220000000000000000e+02
2.340000000000000000e+02
2.160000000000000000e+02
2.290000000000000000e+02
2.350000000000000000e+02
2.230000000000000000e+02
2.170000000000000000e+02
2.300000000000000000e+02
2.240000000000000000e+02
2.080000000000000000e+02
2.090000000000000000e+02
2.100000000000000000e+02
2.110000000000000000e+02
1.212000000000000000e+03
2.180000000000000000e+02
